This folder: /media/daniella/B/git/Velho/Sites/nomesocial.info

folderstamp version: r5
Method: Non-recursive

  File: ./index.html
  Size: 614       	Blocks: 8          IO Block: 4096   regular file
Device: 8,52	Inode: 2617902     Links: 1
Access: (0664/-rw-rw-r--)  Uid: ( 1000/daniella)   Gid: ( 1000/daniella)
Access: 2024-04-27 18:19:51.320548000 -0300
Modify: 2023-07-09 18:48:07.963228100 -0300
Change: 2024-04-27 18:20:10.424118900 -0300
 Birth: 2024-04-27 18:20:10.420118600 -0300
IPFS hash: QmdAYgGpsQ3a8iQdNcDFswNfUvRKbFAShJ4kNpegbuxDCm
------------------------------
  File: ./Tasks.txt
  Size: 0         	Blocks: 0          IO Block: 4096   regular empty file
Device: 8,52	Inode: 2586719     Links: 1
Access: (0664/-rw-rw-r--)  Uid: ( 1000/daniella)   Gid: ( 1000/daniella)
Access: 2024-04-27 18:20:03.799579000 -0300
Modify: 2024-04-27 18:20:03.799579000 -0300
Change: 2024-04-27 18:20:05.338704900 -0300
 Birth: 2024-04-27 18:20:03.799579000 -0300
IPFS hash: QmbFMke1KXqnYyBBWxB74N4c5SBnJMVAiMNRcGu6x1AwQH
------------------------------