This folder: /media/daniella/B/git/Velho/Sites/nomesocial.info

folderstamp version: r5
Method: Recursive

  File: ./.folderstamp
  Size: 106       	Blocks: 8          IO Block: 4096   regular file
Device: 8,52	Inode: 2500580     Links: 1
Access: (0664/-rw-rw-r--)  Uid: ( 1000/daniella)   Gid: ( 1000/daniella)
Access: 2024-04-27 18:19:26.295423100 -0300
Modify: 2024-04-27 18:19:26.317425000 -0300
Change: 2024-04-27 18:19:26.317425000 -0300
 Birth: 2024-04-27 18:19:26.295423100 -0300
IPFS hash: QmestgSjtLdtXikMSVLvWHGhQZri2wmcdaFFkDFiG3FyHE
------------------------------
  File: ./.folderstamp1
  Size: 5696      	Blocks: 16         IO Block: 4096   regular file
Device: 8,52	Inode: 214040      Links: 1
Access: (0664/-rw-rw-r--)  Uid: ( 1000/daniella)   Gid: ( 1000/daniella)
Access: 2024-04-27 18:19:08.158833600 -0300
Modify: 2024-04-27 18:19:00.169119800 -0300
Change: 2024-04-27 18:19:08.161833900 -0300
 Birth: 2024-04-27 18:19:08.158833600 -0300
IPFS hash: Qmay4xL3LP1LqBJdaNXCouYxYtfPPtiZ3mUYpBYy7jjxy5
------------------------------